113693647
113696176
113697364
113698547
113699655
113700811
113701950
113703109
113704274
113705442
113706604
113707764
113708940
113710114
113711282
113712492
113713669
113714855
113716072
113717351
113718483
113718598
113719624
113720911
113722110
113723285
113724440
113725662
113726839
113728018
113729248
113730409
113731597
113732813
113733993
113735281
113736384
113736907
113737444
113738756
113739959
113741055
113742116
113742213
113743510
113744705
113745889
113747108
113747992
113749482
113750651
113751619
113752039
113752114
113753017
113754210
113755409
113756591
113757779
113757880
113758965
113760159
113761188
113762554
113763739
113764933
113765827
113766121
113767317
113768507
113769682
113770873
113772051
113772279
113772792
113773361
113773557
113776242
113776330
113784844
113785183
113790381
113790484
113794164
113796233
113799229
113802767
113805528
113813671
113821044
113823448
113827033
113827307
113830503
113836084
113842270
113848548
113849786
113850387
113853874
113859761
113865719
113865815
113869469
113871872
113878026
113878036
113878097
113884164
113884226
113888837
113889543
113895498
113900122
113900823
113906903
113910949
113912515
113913543
113920143
113923626
113925479
113925502
113929159
113929362
113936010
113940061
113944013
113944598
113949910
113950744
113954496
113961102
113966406
113972962
113980701
113988581
113994463
114002013
114009281
114009722
114011006
114014675
114022843
114031568
114040081
114046946
114049760
114052743
114062024
114072128
114078974
114080757
114082258
114088221
114098473
114099783
