113657317
113659834
113661123
113662096
113663289
113664442
113665579
113666737
113667915
113669093
113670256
113671430
113672588
113673746
113674915
113676100
113677271
113678488
113679671
113680873
113682118
113683290
113684658
113684681
113685974
113685994
113686882
113688068
113689243
113690445
113691617
113692803
113693589
113693993
113695152
113696359
113697534
113698731
113699918
113701085
113702270
113703168
113703475
113704618
113705838
113707165
113708215
113709402
113710594
113711775
113712965
113714155
113715304
113716402
113716508
113717702
113718862
113720062
113721262
113722450
113723622
113724836
113726004
113727196
113728465
113729577
113729992
113730765
113731962
113733153
113733558
113734078
113734344
113735562
113736752
113737793
113739098
113739119
113746334
113748004
113756884
113765326
113768170
113770101
113776686
113776759
113777828
113781411
113781539
113783838
113787018
113788170
113794648
113801033
113807118
113813372
113813600
113821035
113828487
113830991
113837408
113840303
113841775
113841861
113848363
113854656
113860796
113863092
113869284
113869644
113871352
113877095
113883131
113886123
113887033
113890783
113896648
113900686
113906817
113907546
113913809
113920309
113926914
113933510
113940011
113940623
113946807
113947218
113950402
113957057
113963456
113967057
113974269
113982022
113983511
113984198
113991495
113999217
114001447
114002015
114002267
114007245
114008309
114009591
114010493
114015154
114018467
114020380
114020505
114027371
114028116
114031196
114032496
114041656
114048839
114058884
114061383
114070791
114075634
114082372
114092621
114097872
114098044
114102344
114111573
114114093
114118423
114126124
114133496
114137411
114141446
114149104
