113141037
113142384
113143526
113144655
113145791
113146928
113148068
113149191
113150348
113151467
113152625
113153866
113155052
113156224
113157384
113158542
113158761
113159764
113160953
113162142
113163330
113163532
113163829
113164488
113165698
113166816
113167544
113168039
113169207
113170374
113171525
113171851
113172691
113173851
113173944
113175033
113176205
113177374
113178538
113179801
113181000
113182183
113183360
113184522
113185689
113186846
113187992
113189165
113190309
113191480
113192662
113193823
113194985
113196161
113197318
113198493
113199656
113200821
113202079
113203280
113204470
113205650
113206816
113207978
113209167
113209562
113210340
113211521
113212709
113212954
113213884
113215058
113217363
113218532
113219691
113220858
113222019
113223217
113224092
113224490
113225528
113225894
113233968
113234912
113237119
113240636
113245664
113253722
113260917
113261527
113269071
113269854
113271057
113274643
113280212
113280516
113288803
113296662
113296992
113304256
113305128
113310522
113313409
113318743
113326215
113327231
113335782
113345024
113347414
