113366216
113367700
113368870
113369996
113371123
113372280
113373401
113374553
113375697
113376927
113378094
113379241
113380393
113381537
113382688
113383926
113385124
113386305
113387456
113388639
113389615
113389788
113389842
113391124
113392380
113393538
113394478
113394724
113395884
113397216
113398210
113399362
113400029
113400536
113401707
113402849
113402916
113404011
113405176
113406340
113407492
113408659
113409815
113410612
113410984
113412161
113413316
113414570
113415779
113416974
113418142
113419296
113420446
113421625
113422899
113423937
113425097
113426120
113427425
113427897
113428625
113429294
113429953
113430767
113432121
113433359
113434531
113435691
113436866
113437342
113438028
113439230
113440391
113440734
113441545
113442685
113442694
113443125
113444107
113449050
113449425
113451859
113455290
113460415
113464782
113465186
113465666
113470685
113471438
113472519
113478409
113482219
113482268
113485472
